-4613516
1460544
-7872497
-2426155
4207534
-9725712
3821630
11787831
-8403650
10983586
-7861387
-9468064
-3520906
-3539141
5632613
6447638
-14648347
-1727178
10462676
5463922
-10593152
-10049698
-7968086
721865
8435635
1132345
9367532
8874825
9526601
-6489425
7948727
9776479
8812547
6778080
694248
-321323
-6281810
255757
13717401
-4930860
-3799122
-725634
3250913
-9646655
5990857
2470303
4141216
-11004790
-6563505
1586116
-7823469
11652223
-9145149
-705203
232445
5868087
-9708236
3104241
8482330
-8791755
5845332
-6559509
3123166
-8537775
-74751
1182526
6508023
-7262384
5561053
-2906059
-7555356
-9528341
1099168
-4212266
-7957335
-6424260
3620312
12257842
-9405371
6669360
-4073994
-3209618
-7095950
-12157076
6549855
3252331
7754525
-2922247
-14277917
7354810
-11284251
-8067790
7278567
-9877201
2965295
-15795758
-10963417
6447644
1393140
3870019
-8190124
7726268
-13536601
9714180
11267428
-781433
-6465432
10095742
-1573819
3059300
-702898
-2420007
-14025185
-694633
-643868
10047526
-14911336
-13974006
13662331
11315592
-2541963
5515233
-14165723
-9804786
6306895
3296238
-9159165
5691531
