-149642
-349677
-190373
-367072
-263599
-1110218
234084
442175
-1166284
75689
-225093
-1010879
-545845
-140750
481537
239582
-1076446
-84003
701825
140582
-733888
-339910
-102029
301679
12378
-80362
523034
285438
177382
28773
103173
758408
314614
296081
-63350
170159
-115793
-121267
364743
-346133
19269
-359377
700978
-993155
27605
1631
-418254
-517210
-685280
-185475
-1094689
770760
-619234
-42002
231967
144894
-680307
552179
529707
-683876
153401
-56359
377005
-534581
-221258
-214774
368739
-867577
344993
-653607
-214208
-299293
-346415
121095
-218006
-562518
-246834
999765
-78045
-98692
-242433
-387398
-111623
-228567
209108
-73006
202891
-546660
-866709
-46175
-856363
-293673
405115
-824855
299697
-623148
-871405
-182834
130415
75031
-68226
230336
-1222985
500541
347261
-420940
-46646
627107
-480745
-393767
261467
114326
-1274282
250938
-629559
608472
-877969
-953353
826954
354589
332450
374963
-952913
-374846
266761
-79139
-231076
-291724
